#      raio    massa/M    densidade    pressao_t     Temperatura   Lumin  transporte
      0.995      1.000     0.23D-02     0.12D+11     0.38D+05      1.000     2
      0.990      1.000     0.39D-02     0.37D+11     0.71D+05      1.000     2
      0.985      1.000     0.57D-02     0.80D+11     0.10D+06      1.000     2
      0.980      1.000     0.78D-02     0.15D+12     0.14D+06      1.000     2
      0.975      1.000     0.10D-01     0.23D+12     0.17D+06      1.000     2
      0.970      1.000     0.13D-01     0.35D+12     0.21D+06      1.000     2
      0.965      1.000     0.15D-01     0.50D+12     0.24D+06      1.000     2
      0.960      1.000     0.18D-01     0.68D+12     0.28D+06      1.000     2
      0.955      0.999     0.21D-01     0.90D+12     0.31D+06      1.000     2
      0.950      0.999     0.25D-01     0.12D+13     0.35D+06      1.000     2
      0.945      0.999     0.28D-01     0.15D+13     0.38D+06      1.000     2
      0.940      0.999     0.32D-01     0.18D+13     0.42D+06      1.000     2
      0.935      0.999     0.36D-01     0.22D+13     0.46D+06      1.000     2
      0.930      0.999     0.40D-01     0.26D+13     0.49D+06      1.000     2
      0.925      0.998     0.44D-01     0.32D+13     0.53D+06      1.000     2
      0.920      0.998     0.48D-01     0.37D+13     0.57D+06      1.000     2
      0.915      0.998     0.53D-01     0.43D+13     0.61D+06      1.000     2
      0.910      0.998     0.58D-01     0.50D+13     0.65D+06      1.000     2
      0.905      0.997     0.63D-01     0.58D+13     0.68D+06      1.000     2
      0.900      0.997     0.68D-01     0.66D+13     0.72D+06      1.000     2
      0.895      0.996     0.73D-01     0.76D+13     0.76D+06      1.000     2
      0.890      0.996     0.79D-01     0.86D+13     0.81D+06      1.000     2
      0.885      0.996     0.84D-01     0.97D+13     0.85D+06      1.000     2
      0.880      0.995     0.90D-01     0.11D+14     0.89D+06      1.000     2
      0.875      0.995     0.96D-01     0.12D+14     0.93D+06      1.000     2
      0.870      0.994     0.10D+00     0.13D+14     0.97D+06      1.000     2
      0.865      0.994     0.11D+00     0.15D+14     0.10D+07      1.000     2
      0.860      0.993     0.12D+00     0.17D+14     0.11D+07      1.000     2
      0.855      0.992     0.12D+00     0.18D+14     0.11D+07      1.000     2
      0.850      0.992     0.13D+00     0.20D+14     0.11D+07      1.000     2
      0.845      0.991     0.14D+00     0.22D+14     0.12D+07      1.000     2
      0.840      0.990     0.14D+00     0.24D+14     0.12D+07      1.000     2
      0.835      0.990     0.15D+00     0.26D+14     0.13D+07      1.000     2
      0.830      0.989     0.16D+00     0.29D+14     0.13D+07      1.000     2
      0.825      0.988     0.17D+00     0.31D+14     0.14D+07      1.000     2
      0.820      0.987     0.18D+00     0.34D+14     0.14D+07      1.000     2
      0.815      0.987     0.19D+00     0.37D+14     0.15D+07      1.000     2
      0.810      0.986     0.19D+00     0.40D+14     0.15D+07      1.000     2
      0.805      0.985     0.20D+00     0.43D+14     0.16D+07      1.000     2
      0.800      0.984     0.21D+00     0.47D+14     0.16D+07      1.000     2
      0.795      0.983     0.22D+00     0.50D+14     0.17D+07      1.000     2
      0.790      0.982     0.23D+00     0.54D+14     0.17D+07      1.000     2
      0.785      0.981     0.24D+00     0.58D+14     0.18D+07      1.000     2
      0.780      0.980     0.25D+00     0.62D+14     0.18D+07      1.000     2
      0.775      0.979     0.26D+00     0.67D+14     0.19D+07      1.000     2
      0.770      0.978     0.27D+00     0.72D+14     0.19D+07      1.000     2
      0.765      0.977     0.29D+00     0.77D+14     0.20D+07      1.000     2
      0.760      0.975     0.30D+00     0.82D+14     0.20D+07      1.000     1
      0.755      0.974     0.31D+00     0.87D+14     0.21D+07      1.000     1
      0.750      0.973     0.32D+00     0.93D+14     0.21D+07      1.000     1
      0.745      0.972     0.34D+00     0.99D+14     0.22D+07      1.000     1
      0.740      0.970     0.35D+00     0.11D+15     0.22D+07      1.000     1
      0.735      0.969     0.37D+00     0.11D+15     0.23D+07      1.000     1
      0.730      0.968     0.39D+00     0.12D+15     0.23D+07      1.000     1
      0.725      0.966     0.41D+00     0.13D+15     0.23D+07      1.000     1
      0.720      0.965     0.42D+00     0.14D+15     0.24D+07      1.000     1
      0.715      0.963     0.44D+00     0.14D+15     0.24D+07      1.000     1
      0.710      0.962     0.46D+00     0.15D+15     0.25D+07      1.000     1
      0.705      0.960     0.49D+00     0.16D+15     0.25D+07      1.000     1
      0.700      0.958     0.51D+00     0.17D+15     0.25D+07      1.000     1
      0.695      0.957     0.53D+00     0.19D+15     0.26D+07      1.000     1
      0.690      0.955     0.56D+00     0.20D+15     0.26D+07      1.000     1
      0.685      0.953     0.58D+00     0.21D+15     0.27D+07      1.000     1
      0.680      0.951     0.61D+00     0.22D+15     0.27D+07      1.000     1
      0.675      0.949     0.64D+00     0.24D+15     0.27D+07      1.000     1
      0.670      0.947     0.67D+00     0.25D+15     0.28D+07      1.000     1
      0.665      0.945     0.70D+00     0.27D+15     0.28D+07      1.000     1
      0.660      0.943     0.73D+00     0.28D+15     0.29D+07      1.000     1
      0.655      0.941     0.77D+00     0.30D+15     0.29D+07      1.000     1
      0.650      0.938     0.80D+00     0.32D+15     0.29D+07      1.000     1
      0.645      0.936     0.84D+00     0.34D+15     0.30D+07      1.000     1
      0.640      0.934     0.88D+00     0.36D+15     0.30D+07      1.000     1
      0.635      0.931     0.92D+00     0.38D+15     0.31D+07      1.000     1
      0.630      0.928     0.96D+00     0.41D+15     0.31D+07      1.000     1
      0.625      0.926     0.10D+01     0.43D+15     0.32D+07      1.000     1
      0.620      0.923     0.11D+01     0.46D+15     0.32D+07      1.000     1
      0.615      0.920     0.11D+01     0.48D+15     0.33D+07      1.000     1
      0.610      0.917     0.12D+01     0.51D+15     0.33D+07      1.000     1
      0.605      0.914     0.12D+01     0.55D+15     0.33D+07      1.000     1
      0.600      0.911     0.13D+01     0.58D+15     0.34D+07      1.000     1
      0.595      0.908     0.13D+01     0.61D+15     0.34D+07      1.000     1
      0.590      0.905     0.14D+01     0.65D+15     0.35D+07      1.000     1
      0.585      0.902     0.14D+01     0.69D+15     0.35D+07      1.000     1
      0.580      0.898     0.15D+01     0.73D+15     0.36D+07      1.000     1
      0.575      0.895     0.16D+01     0.78D+15     0.36D+07      1.000     1
      0.570      0.891     0.16D+01     0.82D+15     0.37D+07      1.000     1
      0.565      0.887     0.17D+01     0.87D+15     0.38D+07      1.000     1
      0.560      0.884     0.18D+01     0.93D+15     0.38D+07      1.000     1
      0.555      0.880     0.19D+01     0.98D+15     0.39D+07      1.000     1
      0.550      0.876     0.20D+01     0.10D+16     0.39D+07      1.000     1
      0.545      0.871     0.21D+01     0.11D+16     0.40D+07      1.000     1
      0.540      0.867     0.21D+01     0.12D+16     0.40D+07      1.000     1
      0.535      0.863     0.22D+01     0.12D+16     0.41D+07      1.000     1
      0.530      0.858     0.23D+01     0.13D+16     0.41D+07      1.000     1
      0.525      0.854     0.25D+01     0.14D+16     0.42D+07      1.000     1
      0.520      0.849     0.26D+01     0.15D+16     0.43D+07      1.000     1
      0.515      0.844     0.27D+01     0.16D+16     0.43D+07      1.000     1
      0.510      0.839     0.28D+01     0.17D+16     0.44D+07      1.000     1
      0.505      0.834     0.29D+01     0.18D+16     0.45D+07      1.000     1
      0.500      0.829     0.31D+01     0.19D+16     0.45D+07      1.000     1
      0.495      0.824     0.32D+01     0.20D+16     0.46D+07      1.000     1
      0.490      0.818     0.33D+01     0.21D+16     0.47D+07      1.000     1
      0.485      0.813     0.35D+01     0.22D+16     0.47D+07      1.000     1
      0.480      0.807     0.36D+01     0.24D+16     0.48D+07      1.000     1
      0.475      0.801     0.38D+01     0.25D+16     0.49D+07      1.000     1
      0.470      0.795     0.40D+01     0.27D+16     0.49D+07      1.000     1
      0.465      0.789     0.42D+01     0.28D+16     0.50D+07      1.000     1
      0.460      0.783     0.43D+01     0.30D+16     0.51D+07      1.000     1
      0.455      0.777     0.45D+01     0.32D+16     0.51D+07      1.000     1
      0.450      0.770     0.47D+01     0.33D+16     0.52D+07      1.000     1
      0.445      0.764     0.49D+01     0.35D+16     0.53D+07      1.000     1
      0.440      0.757     0.52D+01     0.38D+16     0.54D+07      1.000     1
      0.435      0.750     0.54D+01     0.40D+16     0.55D+07      1.000     1
      0.430      0.743     0.56D+01     0.42D+16     0.55D+07      1.000     1
      0.425      0.735     0.59D+01     0.45D+16     0.56D+07      1.000     1
      0.420      0.728     0.61D+01     0.47D+16     0.57D+07      0.999     1
      0.415      0.721     0.64D+01     0.50D+16     0.58D+07      0.999     1
      0.410      0.713     0.67D+01     0.53D+16     0.59D+07      0.999     1
      0.405      0.705     0.70D+01     0.56D+16     0.60D+07      0.999     1
      0.400      0.697     0.73D+01     0.60D+16     0.60D+07      0.999     1
      0.395      0.689     0.76D+01     0.63D+16     0.61D+07      0.999     1
      0.390      0.681     0.79D+01     0.67D+16     0.62D+07      0.999     1
      0.385      0.673     0.83D+01     0.71D+16     0.63D+07      0.998     1
      0.380      0.664     0.87D+01     0.75D+16     0.64D+07      0.998     1
      0.375      0.655     0.90D+01     0.79D+16     0.65D+07      0.998     1
      0.370      0.647     0.94D+01     0.84D+16     0.66D+07      0.997     1
      0.365      0.638     0.98D+01     0.89D+16     0.67D+07      0.997     1
      0.360      0.629     0.10D+02     0.94D+16     0.68D+07      0.997     1
      0.355      0.619     0.11D+02     0.10D+17     0.69D+07      0.996     1
      0.350      0.610     0.11D+02     0.11D+17     0.70D+07      0.996     1
      0.345      0.601     0.12D+02     0.11D+17     0.71D+07      0.995     1
      0.340      0.591     0.12D+02     0.12D+17     0.72D+07      0.994     1
      0.335      0.581     0.13D+02     0.13D+17     0.73D+07      0.993     1
      0.330      0.572     0.13D+02     0.13D+17     0.74D+07      0.992     1
      0.325      0.562     0.14D+02     0.14D+17     0.75D+07      0.991     1
      0.320      0.552     0.14D+02     0.15D+17     0.77D+07      0.990     1
      0.315      0.542     0.15D+02     0.16D+17     0.78D+07      0.988     1
      0.310      0.531     0.16D+02     0.17D+17     0.79D+07      0.987     1
      0.305      0.521     0.16D+02     0.18D+17     0.80D+07      0.985     1
      0.300      0.511     0.17D+02     0.19D+17     0.81D+07      0.983     1
      0.295      0.500     0.18D+02     0.20D+17     0.83D+07      0.981     1
      0.290      0.490     0.18D+02     0.21D+17     0.84D+07      0.978     1
      0.285      0.479     0.19D+02     0.22D+17     0.85D+07      0.975     1
      0.280      0.468     0.20D+02     0.23D+17     0.86D+07      0.971     1
      0.275      0.458     0.21D+02     0.25D+17     0.88D+07      0.967     1
      0.270      0.447     0.22D+02     0.26D+17     0.89D+07      0.963     1
      0.265      0.436     0.22D+02     0.27D+17     0.90D+07      0.958     1
      0.260      0.425     0.23D+02     0.29D+17     0.92D+07      0.953     1
      0.255      0.414     0.24D+02     0.31D+17     0.93D+07      0.947     1
      0.250      0.403     0.25D+02     0.32D+17     0.95D+07      0.940     1
      0.245      0.393     0.26D+02     0.34D+17     0.96D+07      0.932     1
      0.240      0.382     0.27D+02     0.36D+17     0.97D+07      0.923     1
      0.235      0.371     0.28D+02     0.38D+17     0.99D+07      0.914     1
      0.230      0.360     0.30D+02     0.40D+17     0.10D+08      0.903     1
      0.225      0.349     0.31D+02     0.43D+17     0.10D+08      0.891     1
      0.220      0.339     0.32D+02     0.45D+17     0.10D+08      0.878     1
      0.215      0.328     0.33D+02     0.47D+17     0.11D+08      0.864     1
      0.210      0.317     0.35D+02     0.50D+17     0.11D+08      0.848     1
      0.205      0.307     0.36D+02     0.53D+17     0.11D+08      0.830     1
      0.200      0.297     0.38D+02     0.56D+17     0.11D+08      0.810     1
      0.195      0.286     0.39D+02     0.59D+17     0.11D+08      0.789     1
      0.190      0.276     0.41D+02     0.62D+17     0.11D+08      0.765     1
      0.185      0.266     0.42D+02     0.66D+17     0.11D+08      0.739     1
      0.180      0.256     0.44D+02     0.70D+17     0.12D+08      0.711     1
      0.175      0.246     0.46D+02     0.73D+17     0.12D+08      0.680     1
      0.170      0.237     0.48D+02     0.78D+17     0.12D+08      0.646     1
      0.165      0.227     0.50D+02     0.82D+17     0.12D+08      0.609     1
      0.160      0.218     0.52D+02     0.87D+17     0.12D+08      0.569     1
      0.155      0.209     0.54D+02     0.92D+17     0.12D+08      0.525     1
      0.150      0.200     0.57D+02     0.97D+17     0.13D+08      0.478     1
      0.145      0.192     0.59D+02     0.10D+18     0.13D+08      0.427     1
      0.140      0.183     0.62D+02     0.11D+18     0.13D+08      0.373     1
      0.135      0.175     0.65D+02     0.12D+18     0.13D+08      0.314     1
      0.130      0.167     0.69D+02     0.12D+18     0.13D+08      0.251     1
      0.125      0.159     0.72D+02     0.13D+18     0.13D+08      0.183     1
      0.120      0.151     0.76D+02     0.14D+18     0.13D+08      0.111     1
      0.115      0.144     0.81D+02     0.15D+18     0.14D+08      0.034     1
      0.110      0.137     0.86D+02     0.16D+18     0.14D+08     -0.046     1
      0.105      0.130     0.92D+02     0.17D+18     0.14D+08     -0.131     1
      0.100      0.123     0.98D+02     0.18D+18     0.14D+08     -0.220     1
      0.095      0.117     0.10D+03     0.20D+18     0.14D+08     -0.315     1
      0.094      0.113     0.11D+03     0.20D+18     0.14D+08     -0.370     1
      0.091      0.110     0.11D+03     0.21D+18     0.14D+08     -0.429     2
      0.089      0.107     0.11D+03     0.22D+18     0.15D+08     -0.491     2
      0.086      0.104     0.11D+03     0.23D+18     0.15D+08     -0.558     2
      0.084      0.101     0.12D+03     0.24D+18     0.15D+08     -0.629     2
      0.081      0.099     0.12D+03     0.25D+18     0.15D+08     -0.707     2
      0.079      0.096     0.12D+03     0.26D+18     0.16D+08     -0.790     2
      0.076      0.093     0.12D+03     0.27D+18     0.16D+08     -0.882     2
      0.074      0.091     0.13D+03     0.28D+18     0.16D+08     -0.984     2
      0.071      0.089     0.13D+03     0.29D+18     0.16D+08     -1.097     2
      0.069      0.086     0.13D+03     0.30D+18     0.17D+08     -1.226     2
      0.066      0.084     0.14D+03     0.32D+18     0.17D+08     -1.376     2
      0.064      0.082     0.14D+03     0.33D+18     0.17D+08     -1.554     2
      0.061      0.080     0.15D+03     0.35D+18     0.18D+08     -1.768     2
      0.059      0.078     0.15D+03     0.37D+18     0.18D+08     -2.036     2
      0.056      0.077     0.15D+03     0.38D+18     0.18D+08     -2.378     2
      0.054      0.075     0.16D+03     0.41D+18     0.19D+08     -2.828     2
      0.051      0.074     0.16D+03     0.43D+18     0.19D+08     -3.439     2
      0.049      0.072     0.17D+03     0.46D+18     0.20D+08     -4.294     2
      0.046      0.071     0.18D+03     0.49D+18     0.20D+08     -5.527     2
      0.044      0.070     0.18D+03     0.52D+18     0.21D+08     -7.366     2
      0.041      0.068     0.19D+03     0.56D+18     0.21D+08    -10.197     2
      0.039      0.067     0.20D+03     0.60D+18     0.22D+08    -14.711     2
      0.036      0.066     0.21D+03     0.66D+18     0.23D+08    -22.189     2
      0.034      0.065     0.22D+03     0.72D+18     0.24D+08    -35.108     2
      0.031      0.065     0.24D+03     0.80D+18     0.25D+08    -58.512     2
      0.029      0.064     0.25D+03     0.89D+18     0.26D+08   -103.303     2
      0.026      0.063     0.27D+03     0.10D+19     0.27D+08   -194.713     2
      0.024      0.063     0.30D+03     0.12D+19     0.29D+08   -396.109     2
      0.021      0.062     0.32D+03     0.14D+19     0.31D+08   -882.853     2
      0.019      0.062     0.36D+03     0.16D+19     0.33D+08  -2200.816     2
      0.016      0.061     0.41D+03     0.20D+19     0.37D+08  -6313.795     2
      0.014      0.061     0.47D+03     0.26D+19     0.41D+08 -21694.095     2
      0.011      0.061     0.57D+03     0.37D+19     0.47D+08 -94520.653     2
      0.009      0.060     0.72D+03     0.56D+19     0.57D+08 **********     2
      0.006      0.060     0.97D+03     0.98D+19     0.75D+08 **********     2
      0.004      0.060     0.15D+04     0.23D+20     0.11D+09 **********     2
      0.001      0.060     0.28D+04     0.10D+21     0.27D+09 **********     2
