#  raio       pgas        prad      epspp      epscno   epstot
  0.995D+00  0.118D+11  0.536D+04  0.677D-39  0.101D-171  0.677D-39
  0.990D+00  0.371D+11  0.643D+05  0.108D-30  0.608D-135  0.108D-30
  0.985D+00  0.805D+11  0.298D+06  0.222D-26  0.101D-115  0.222D-26
  0.980D+00  0.145D+12  0.909D+06  0.148D-23  0.343D-103  0.148D-23
  0.975D+00  0.234D+12  0.219D+07  0.170D-21  0.431D-94  0.170D-21
  0.970D+00  0.351D+12  0.453D+07  0.672D-20  0.475D-87  0.672D-20
  0.965D+00  0.499D+12  0.844D+07  0.132D-18  0.232D-81  0.132D-18
  0.960D+00  0.680D+12  0.145D+08  0.159D-17  0.127D-76  0.159D-17
  0.955D+00  0.898D+12  0.235D+08  0.133D-16  0.139D-72  0.133D-16
  0.950D+00  0.116D+13  0.363D+08  0.847D-16  0.445D-69  0.847D-16
  0.945D+00  0.146D+13  0.540D+08  0.432D-15  0.542D-66  0.432D-15
  0.940D+00  0.180D+13  0.776D+08  0.185D-14  0.304D-63  0.185D-14
  0.935D+00  0.220D+13  0.109D+09  0.685D-14  0.901D-61  0.685D-14
  0.930D+00  0.265D+13  0.149D+09  0.225D-13  0.158D-58  0.225D-13
  0.925D+00  0.315D+13  0.200D+09  0.668D-13  0.176D-56  0.668D-13
  0.920D+00  0.372D+13  0.263D+09  0.182D-12  0.135D-54  0.182D-12
  0.915D+00  0.435D+13  0.342D+09  0.460D-12  0.744D-53  0.460D-12
  0.910D+00  0.504D+13  0.438D+09  0.109D-11  0.308D-51  0.109D-11
  0.905D+00  0.581D+13  0.555D+09  0.244D-11  0.993D-50  0.244D-11
  0.900D+00  0.665D+13  0.695D+09  0.518D-11  0.256D-48  0.518D-11
  0.895D+00  0.756D+13  0.862D+09  0.105D-10  0.545D-47  0.105D-10
  0.890D+00  0.857D+13  0.106D+10  0.206D-10  0.970D-46  0.206D-10
  0.885D+00  0.966D+13  0.129D+10  0.388D-10  0.148D-44  0.388D-10
  0.880D+00  0.108D+14  0.156D+10  0.707D-10  0.195D-43  0.707D-10
  0.875D+00  0.121D+14  0.188D+10  0.125D-09  0.226D-42  0.125D-09
  0.870D+00  0.135D+14  0.225D+10  0.216D-09  0.232D-41  0.216D-09
  0.865D+00  0.150D+14  0.267D+10  0.363D-09  0.215D-40  0.363D-09
  0.860D+00  0.166D+14  0.315D+10  0.597D-09  0.180D-39  0.597D-09
  0.855D+00  0.183D+14  0.371D+10  0.961D-09  0.138D-38  0.961D-09
  0.850D+00  0.201D+14  0.434D+10  0.152D-08  0.974D-38  0.152D-08
  0.845D+00  0.221D+14  0.506D+10  0.236D-08  0.635D-37  0.236D-08
  0.840D+00  0.242D+14  0.587D+10  0.360D-08  0.386D-36  0.360D-08
  0.835D+00  0.264D+14  0.679D+10  0.541D-08  0.219D-35  0.541D-08
  0.830D+00  0.288D+14  0.783D+10  0.802D-08  0.117D-34  0.802D-08
  0.825D+00  0.314D+14  0.899D+10  0.117D-07  0.589D-34  0.117D-07
  0.820D+00  0.341D+14  0.103D+11  0.169D-07  0.281D-33  0.169D-07
  0.815D+00  0.369D+14  0.118D+11  0.242D-07  0.128D-32  0.242D-07
  0.810D+00  0.400D+14  0.134D+11  0.342D-07  0.552D-32  0.342D-07
  0.805D+00  0.432D+14  0.152D+11  0.478D-07  0.228D-31  0.478D-07
  0.800D+00  0.466D+14  0.172D+11  0.661D-07  0.904D-31  0.661D-07
  0.795D+00  0.502D+14  0.194D+11  0.907D-07  0.345D-30  0.907D-07
  0.790D+00  0.540D+14  0.219D+11  0.123D-06  0.126D-29  0.123D-06
  0.785D+00  0.581D+14  0.247D+11  0.166D-06  0.448D-29  0.166D-06
  0.780D+00  0.623D+14  0.277D+11  0.222D-06  0.153D-28  0.222D-06
  0.775D+00  0.668D+14  0.310D+11  0.295D-06  0.508D-28  0.295D-06
  0.770D+00  0.716D+14  0.347D+11  0.390D-06  0.164D-27  0.390D-06
  0.765D+00  0.766D+14  0.387D+11  0.511D-06  0.511D-27  0.511D-06
  0.760D+00  0.818D+14  0.429D+11  0.658D-06  0.147D-26  0.658D-06
  0.755D+00  0.874D+14  0.471D+11  0.831D-06  0.381D-26  0.831D-06
  0.750D+00  0.932D+14  0.513D+11  0.103D-05  0.924D-26  0.103D-05
  0.745D+00  0.994D+14  0.557D+11  0.127D-05  0.212D-25  0.127D-05
  0.740D+00  0.106D+15  0.601D+11  0.156D-05  0.466D-25  0.156D-05
  0.735D+00  0.113D+15  0.648D+11  0.189D-05  0.989D-25  0.189D-05
  0.730D+00  0.120D+15  0.696D+11  0.227D-05  0.204D-24  0.227D-05
  0.725D+00  0.128D+15  0.746D+11  0.273D-05  0.412D-24  0.273D-05
  0.720D+00  0.136D+15  0.798D+11  0.326D-05  0.814D-24  0.326D-05
  0.715D+00  0.145D+15  0.853D+11  0.388D-05  0.158D-23  0.388D-05
  0.710D+00  0.154D+15  0.910D+11  0.461D-05  0.302D-23  0.461D-05
  0.705D+00  0.164D+15  0.971D+11  0.545D-05  0.571D-23  0.545D-05
  0.700D+00  0.174D+15  0.103D+12  0.644D-05  0.107D-22  0.644D-05
  0.695D+00  0.185D+15  0.110D+12  0.759D-05  0.197D-22  0.759D-05
  0.690D+00  0.197D+15  0.117D+12  0.892D-05  0.361D-22  0.892D-05
  0.685D+00  0.209D+15  0.124D+12  0.105D-04  0.656D-22  0.105D-04
  0.680D+00  0.222D+15  0.132D+12  0.123D-04  0.118D-21  0.123D-04
  0.675D+00  0.236D+15  0.140D+12  0.144D-04  0.212D-21  0.144D-04
  0.670D+00  0.251D+15  0.149D+12  0.168D-04  0.376D-21  0.168D-04
  0.665D+00  0.267D+15  0.158D+12  0.196D-04  0.666D-21  0.196D-04
  0.660D+00  0.283D+15  0.168D+12  0.228D-04  0.117D-20  0.228D-04
  0.655D+00  0.301D+15  0.178D+12  0.266D-04  0.205D-20  0.266D-04
  0.650D+00  0.319D+15  0.189D+12  0.309D-04  0.357D-20  0.309D-04
  0.645D+00  0.339D+15  0.200D+12  0.360D-04  0.620D-20  0.360D-04
  0.640D+00  0.360D+15  0.212D+12  0.418D-04  0.107D-19  0.418D-04
  0.635D+00  0.382D+15  0.224D+12  0.484D-04  0.184D-19  0.484D-04
  0.630D+00  0.405D+15  0.238D+12  0.561D-04  0.316D-19  0.561D-04
  0.625D+00  0.430D+15  0.252D+12  0.650D-04  0.540D-19  0.650D-04
  0.620D+00  0.457D+15  0.267D+12  0.753D-04  0.920D-19  0.753D-04
  0.615D+00  0.484D+15  0.283D+12  0.870D-04  0.156D-18  0.870D-04
  0.610D+00  0.514D+15  0.299D+12  0.101D-03  0.264D-18  0.101D-03
  0.605D+00  0.545D+15  0.317D+12  0.116D-03  0.446D-18  0.116D-03
  0.600D+00  0.579D+15  0.336D+12  0.134D-03  0.750D-18  0.134D-03
  0.595D+00  0.614D+15  0.356D+12  0.155D-03  0.126D-17  0.155D-03
  0.590D+00  0.651D+15  0.377D+12  0.178D-03  0.210D-17  0.178D-03
  0.585D+00  0.691D+15  0.399D+12  0.205D-03  0.351D-17  0.205D-03
  0.580D+00  0.733D+15  0.422D+12  0.236D-03  0.585D-17  0.236D-03
  0.575D+00  0.777D+15  0.447D+12  0.272D-03  0.970D-17  0.272D-03
  0.570D+00  0.824D+15  0.473D+12  0.312D-03  0.161D-16  0.312D-03
  0.565D+00  0.874D+15  0.501D+12  0.359D-03  0.266D-16  0.359D-03
  0.560D+00  0.927D+15  0.530D+12  0.412D-03  0.438D-16  0.412D-03
  0.555D+00  0.983D+15  0.562D+12  0.474D-03  0.720D-16  0.474D-03
  0.550D+00  0.104D+16  0.595D+12  0.543D-03  0.118D-15  0.543D-03
  0.545D+00  0.111D+16  0.629D+12  0.623D-03  0.194D-15  0.623D-03
  0.540D+00  0.117D+16  0.666D+12  0.714D-03  0.316D-15  0.714D-03
  0.535D+00  0.124D+16  0.706D+12  0.818D-03  0.516D-15  0.818D-03
  0.530D+00  0.132D+16  0.747D+12  0.937D-03  0.840D-15  0.937D-03
  0.525D+00  0.140D+16  0.791D+12  0.107D-02  0.136D-14  0.107D-02
  0.520D+00  0.148D+16  0.838D+12  0.123D-02  0.221D-14  0.123D-02
  0.515D+00  0.157D+16  0.887D+12  0.140D-02  0.358D-14  0.140D-02
  0.510D+00  0.166D+16  0.939D+12  0.160D-02  0.578D-14  0.160D-02
  0.505D+00  0.176D+16  0.995D+12  0.183D-02  0.931D-14  0.183D-02
  0.500D+00  0.187D+16  0.105D+13  0.209D-02  0.150D-13  0.209D-02
  0.495D+00  0.198D+16  0.112D+13  0.239D-02  0.241D-13  0.239D-02
  0.490D+00  0.210D+16  0.118D+13  0.272D-02  0.386D-13  0.272D-02
  0.485D+00  0.223D+16  0.125D+13  0.311D-02  0.617D-13  0.311D-02
  0.480D+00  0.236D+16  0.133D+13  0.354D-02  0.986D-13  0.354D-02
  0.475D+00  0.250D+16  0.140D+13  0.404D-02  0.157D-12  0.404D-02
  0.470D+00  0.265D+16  0.149D+13  0.460D-02  0.250D-12  0.460D-02
  0.465D+00  0.281D+16  0.158D+13  0.524D-02  0.397D-12  0.524D-02
  0.460D+00  0.298D+16  0.167D+13  0.596D-02  0.630D-12  0.596D-02
  0.455D+00  0.316D+16  0.177D+13  0.678D-02  0.998D-12  0.678D-02
  0.450D+00  0.335D+16  0.187D+13  0.771D-02  0.158D-11  0.771D-02
  0.445D+00  0.354D+16  0.199D+13  0.876D-02  0.249D-11  0.876D-02
  0.440D+00  0.376D+16  0.210D+13  0.995D-02  0.393D-11  0.995D-02
  0.435D+00  0.398D+16  0.223D+13  0.113D-01  0.618D-11  0.113D-01
  0.430D+00  0.422D+16  0.236D+13  0.128D-01  0.970D-11  0.128D-01
  0.425D+00  0.447D+16  0.250D+13  0.146D-01  0.152D-10  0.146D-01
  0.420D+00  0.473D+16  0.265D+13  0.165D-01  0.238D-10  0.165D-01
  0.415D+00  0.501D+16  0.281D+13  0.187D-01  0.373D-10  0.187D-01
  0.410D+00  0.531D+16  0.298D+13  0.212D-01  0.581D-10  0.212D-01
  0.405D+00  0.563D+16  0.316D+13  0.241D-01  0.906D-10  0.241D-01
  0.400D+00  0.596D+16  0.335D+13  0.272D-01  0.141D-09  0.272D-01
  0.395D+00  0.631D+16  0.356D+13  0.308D-01  0.219D-09  0.308D-01
  0.390D+00  0.669D+16  0.377D+13  0.349D-01  0.340D-09  0.349D-01
  0.385D+00  0.708D+16  0.400D+13  0.395D-01  0.526D-09  0.395D-01
  0.380D+00  0.750D+16  0.424D+13  0.446D-01  0.814D-09  0.446D-01
  0.375D+00  0.794D+16  0.450D+13  0.505D-01  0.126D-08  0.505D-01
  0.370D+00  0.841D+16  0.477D+13  0.570D-01  0.194D-08  0.570D-01
  0.365D+00  0.890D+16  0.506D+13  0.644D-01  0.298D-08  0.644D-01
  0.360D+00  0.943D+16  0.537D+13  0.727D-01  0.459D-08  0.727D-01
  0.355D+00  0.998D+16  0.570D+13  0.820D-01  0.704D-08  0.820D-01
  0.350D+00  0.106D+17  0.605D+13  0.925D-01  0.108D-07  0.925D-01
  0.345D+00  0.112D+17  0.642D+13  0.104D+00  0.165D-07  0.104D+00
  0.340D+00  0.118D+17  0.681D+13  0.118D+00  0.252D-07  0.118D+00
  0.335D+00  0.125D+17  0.723D+13  0.132D+00  0.385D-07  0.132D+00
  0.330D+00  0.133D+17  0.767D+13  0.149D+00  0.586D-07  0.149D+00
  0.325D+00  0.140D+17  0.815D+13  0.168D+00  0.891D-07  0.168D+00
  0.320D+00  0.148D+17  0.865D+13  0.189D+00  0.135D-06  0.189D+00
  0.315D+00  0.157D+17  0.918D+13  0.212D+00  0.205D-06  0.212D+00
  0.310D+00  0.166D+17  0.975D+13  0.239D+00  0.311D-06  0.239D+00
  0.305D+00  0.176D+17  0.104D+14  0.268D+00  0.469D-06  0.268D+00
  0.300D+00  0.186D+17  0.110D+14  0.301D+00  0.708D-06  0.301D+00
  0.295D+00  0.196D+17  0.117D+14  0.338D+00  0.107D-05  0.338D+00
  0.290D+00  0.208D+17  0.124D+14  0.379D+00  0.160D-05  0.379D+00
  0.285D+00  0.220D+17  0.132D+14  0.425D+00  0.241D-05  0.425D+00
  0.280D+00  0.232D+17  0.140D+14  0.477D+00  0.361D-05  0.477D+00
  0.275D+00  0.245D+17  0.149D+14  0.534D+00  0.540D-05  0.534D+00
  0.270D+00  0.259D+17  0.158D+14  0.598D+00  0.807D-05  0.598D+00
  0.265D+00  0.274D+17  0.168D+14  0.670D+00  0.120D-04  0.670D+00
  0.260D+00  0.290D+17  0.178D+14  0.749D+00  0.179D-04  0.749D+00
  0.255D+00  0.306D+17  0.189D+14  0.838D+00  0.266D-04  0.838D+00
  0.250D+00  0.323D+17  0.201D+14  0.937D+00  0.395D-04  0.937D+00
  0.245D+00  0.342D+17  0.214D+14  0.105D+01  0.584D-04  0.105D+01
  0.240D+00  0.361D+17  0.227D+14  0.117D+01  0.863D-04  0.117D+01
  0.235D+00  0.381D+17  0.241D+14  0.130D+01  0.127D-03  0.130D+01
  0.230D+00  0.403D+17  0.256D+14  0.145D+01  0.187D-03  0.145D+01
  0.225D+00  0.425D+17  0.272D+14  0.162D+01  0.274D-03  0.162D+01
  0.220D+00  0.449D+17  0.289D+14  0.181D+01  0.402D-03  0.181D+01
  0.215D+00  0.474D+17  0.307D+14  0.201D+01  0.586D-03  0.201D+01
  0.210D+00  0.501D+17  0.326D+14  0.224D+01  0.853D-03  0.224D+01
  0.205D+00  0.529D+17  0.346D+14  0.249D+01  0.124D-02  0.249D+01
  0.200D+00  0.559D+17  0.367D+14  0.277D+01  0.179D-02  0.277D+01
  0.195D+00  0.590D+17  0.389D+14  0.308D+01  0.259D-02  0.308D+01
  0.190D+00  0.623D+17  0.413D+14  0.342D+01  0.372D-02  0.342D+01
  0.185D+00  0.658D+17  0.438D+14  0.380D+01  0.533D-02  0.380D+01
  0.180D+00  0.695D+17  0.464D+14  0.421D+01  0.761D-02  0.422D+01
  0.175D+00  0.734D+17  0.491D+14  0.467D+01  0.108D-01  0.468D+01
  0.170D+00  0.776D+17  0.519D+14  0.517D+01  0.153D-01  0.518D+01
  0.165D+00  0.820D+17  0.549D+14  0.572D+01  0.215D-01  0.574D+01
  0.160D+00  0.868D+17  0.580D+14  0.632D+01  0.300D-01  0.635D+01
  0.155D+00  0.918D+17  0.612D+14  0.699D+01  0.415D-01  0.703D+01
  0.150D+00  0.971D+17  0.644D+14  0.771D+01  0.571D-01  0.777D+01
  0.145D+00  0.103D+18  0.677D+14  0.850D+01  0.777D-01  0.858D+01
  0.140D+00  0.109D+18  0.711D+14  0.936D+01  0.105D+00  0.946D+01
  0.135D+00  0.116D+18  0.743D+14  0.103D+02  0.139D+00  0.104D+02
  0.130D+00  0.123D+18  0.774D+14  0.113D+02  0.180D+00  0.115D+02
  0.125D+00  0.130D+18  0.803D+14  0.123D+02  0.229D+00  0.126D+02
  0.120D+00  0.139D+18  0.827D+14  0.134D+02  0.282D+00  0.137D+02
  0.115D+00  0.148D+18  0.844D+14  0.146D+02  0.333D+00  0.149D+02
  0.110D+00  0.158D+18  0.850D+14  0.156D+02  0.369D+00  0.160D+02
  0.105D+00  0.169D+18  0.861D+14  0.169D+02  0.420D+00  0.173D+02
  0.100D+00  0.182D+18  0.898D+14  0.188D+02  0.555D+00  0.193D+02
  0.950D-01  0.196D+18  0.975D+14  0.215D+02  0.889D+00  0.224D+02
  0.938D-01  0.203D+18  0.103D+15  0.233D+02  0.123D+01  0.246D+02
  0.912D-01  0.211D+18  0.110D+15  0.253D+02  0.170D+01  0.270D+02
  0.887D-01  0.219D+18  0.117D+15  0.275D+02  0.235D+01  0.299D+02
  0.862D-01  0.227D+18  0.124D+15  0.299D+02  0.327D+01  0.332D+02
  0.838D-01  0.236D+18  0.132D+15  0.326D+02  0.457D+01  0.372D+02
  0.813D-01  0.245D+18  0.141D+15  0.355D+02  0.639D+01  0.419D+02
  0.788D-01  0.255D+18  0.150D+15  0.387D+02  0.899D+01  0.477D+02
  0.762D-01  0.266D+18  0.160D+15  0.423D+02  0.127D+02  0.550D+02
  0.737D-01  0.277D+18  0.171D+15  0.463D+02  0.181D+02  0.643D+02
  0.712D-01  0.289D+18  0.184D+15  0.507D+02  0.258D+02  0.765D+02
  0.688D-01  0.302D+18  0.197D+15  0.557D+02  0.373D+02  0.929D+02
  0.663D-01  0.316D+18  0.212D+15  0.612D+02  0.542D+02  0.115D+03
  0.638D-01  0.331D+18  0.228D+15  0.676D+02  0.797D+02  0.147D+03
  0.612D-01  0.347D+18  0.247D+15  0.748D+02  0.118D+03  0.193D+03
  0.587D-01  0.365D+18  0.268D+15  0.830D+02  0.178D+03  0.261D+03
  0.563D-01  0.384D+18  0.291D+15  0.925D+02  0.272D+03  0.365D+03
  0.537D-01  0.406D+18  0.318D+15  0.104D+03  0.422D+03  0.526D+03
  0.512D-01  0.430D+18  0.349D+15  0.117D+03  0.667D+03  0.784D+03
  0.488D-01  0.456D+18  0.385D+15  0.132D+03  0.108D+04  0.121D+04
  0.462D-01  0.486D+18  0.427D+15  0.150D+03  0.178D+04  0.193D+04
  0.437D-01  0.520D+18  0.476D+15  0.172D+03  0.304D+04  0.321D+04
  0.413D-01  0.559D+18  0.536D+15  0.199D+03  0.534D+04  0.553D+04
  0.387D-01  0.604D+18  0.608D+15  0.232D+03  0.973D+04  0.996D+04
  0.362D-01  0.657D+18  0.698D+15  0.274D+03  0.185D+05  0.188D+05
  0.338D-01  0.720D+18  0.811D+15  0.329D+03  0.371D+05  0.374D+05
  0.312D-01  0.796D+18  0.956D+15  0.399D+03  0.789D+05  0.793D+05
  0.288D-01  0.889D+18  0.115D+16  0.495D+03  0.180D+06  0.180D+06
  0.262D-01  0.101D+19  0.141D+16  0.626D+03  0.447D+06  0.447D+06
  0.238D-01  0.116D+19  0.178D+16  0.815D+03  0.123D+07  0.123D+07
  0.213D-01  0.136D+19  0.232D+16  0.110D+04  0.384D+07  0.384D+07
  0.187D-01  0.163D+19  0.317D+16  0.154D+04  0.141D+08  0.141D+08
  0.163D-01  0.203D+19  0.459D+16  0.228D+04  0.632D+08  0.632D+08
  0.138D-01  0.264D+19  0.722D+16  0.362D+04  0.371D+09  0.371D+09
  0.112D-01  0.366D+19  0.128D+17  0.634D+04  0.314D+10  0.314D+10
  0.875D-02  0.556D+19  0.271D+17  0.127D+05  0.449D+11  0.449D+11
  0.625D-02  0.981D+19  0.782D+17  0.316D+05  0.144D+13  0.144D+13
  0.375D-02  0.228D+20  0.421D+18  0.113D+06  0.188D+15  0.188D+15
  0.125D-02  0.103D+21  0.133D+20  0.871D+06  0.526D+18  0.526D+18
