#  raio      kapbf      kapff      sigmae      kaptot     densidade
  0.995D+00  0.976D+05  0.129D+05  0.341D+00  0.110D+06   0.228D-02
  0.990D+00  0.188D+05  0.248D+04  0.341D+00  0.213D+05   0.386D-02
  0.985D+00  0.726D+04  0.959D+03  0.341D+00  0.822D+04   0.570D-02
  0.980D+00  0.373D+04  0.493D+03  0.341D+00  0.423D+04   0.779D-02
  0.975D+00  0.224D+04  0.296D+03  0.341D+00  0.254D+04   0.101D-01
  0.970D+00  0.148D+04  0.196D+03  0.341D+00  0.168D+04   0.126D-01
  0.965D+00  0.105D+04  0.138D+03  0.341D+00  0.118D+04   0.153D-01
  0.960D+00  0.775D+03  0.102D+03  0.341D+00  0.877D+03   0.182D-01
  0.955D+00  0.595D+03  0.785D+02  0.341D+00  0.673D+03   0.214D-01
  0.950D+00  0.469D+03  0.620D+02  0.341D+00  0.532D+03   0.247D-01
  0.945D+00  0.379D+03  0.500D+02  0.341D+00  0.429D+03   0.281D-01
  0.940D+00  0.311D+03  0.411D+02  0.341D+00  0.353D+03   0.318D-01
  0.935D+00  0.260D+03  0.343D+02  0.341D+00  0.295D+03   0.357D-01
  0.930D+00  0.220D+03  0.290D+02  0.341D+00  0.249D+03   0.397D-01
  0.925D+00  0.188D+03  0.248D+02  0.341D+00  0.213D+03   0.439D-01
  0.920D+00  0.162D+03  0.215D+02  0.341D+00  0.184D+03   0.483D-01
  0.915D+00  0.142D+03  0.187D+02  0.341D+00  0.161D+03   0.529D-01
  0.910D+00  0.124D+03  0.164D+02  0.341D+00  0.141D+03   0.577D-01
  0.905D+00  0.110D+03  0.145D+02  0.341D+00  0.125D+03   0.626D-01
  0.900D+00  0.975D+02  0.129D+02  0.341D+00  0.111D+03   0.678D-01
  0.895D+00  0.871D+02  0.115D+02  0.341D+00  0.990D+02   0.731D-01
  0.890D+00  0.782D+02  0.103D+02  0.341D+00  0.889D+02   0.786D-01
  0.885D+00  0.705D+02  0.931D+01  0.341D+00  0.802D+02   0.843D-01
  0.880D+00  0.638D+02  0.843D+01  0.341D+00  0.726D+02   0.902D-01
  0.875D+00  0.580D+02  0.766D+01  0.341D+00  0.660D+02   0.963D-01
  0.870D+00  0.529D+02  0.698D+01  0.341D+00  0.602D+02   0.103D+00
  0.865D+00  0.483D+02  0.638D+01  0.341D+00  0.551D+02   0.109D+00
  0.860D+00  0.443D+02  0.585D+01  0.341D+00  0.505D+02   0.116D+00
  0.855D+00  0.408D+02  0.538D+01  0.341D+00  0.465D+02   0.123D+00
  0.850D+00  0.376D+02  0.496D+01  0.341D+00  0.429D+02   0.130D+00
  0.845D+00  0.347D+02  0.458D+01  0.341D+00  0.396D+02   0.137D+00
  0.840D+00  0.321D+02  0.424D+01  0.341D+00  0.367D+02   0.145D+00
  0.835D+00  0.298D+02  0.394D+01  0.341D+00  0.341D+02   0.152D+00
  0.830D+00  0.277D+02  0.366D+01  0.341D+00  0.317D+02   0.160D+00
  0.825D+00  0.258D+02  0.341D+01  0.341D+00  0.296D+02   0.169D+00
  0.820D+00  0.241D+02  0.318D+01  0.341D+00  0.276D+02   0.177D+00
  0.815D+00  0.225D+02  0.297D+01  0.341D+00  0.258D+02   0.186D+00
  0.810D+00  0.210D+02  0.278D+01  0.341D+00  0.242D+02   0.195D+00
  0.805D+00  0.197D+02  0.260D+01  0.341D+00  0.227D+02   0.204D+00
  0.800D+00  0.185D+02  0.244D+01  0.341D+00  0.213D+02   0.213D+00
  0.795D+00  0.174D+02  0.229D+01  0.341D+00  0.200D+02   0.223D+00
  0.790D+00  0.163D+02  0.216D+01  0.341D+00  0.188D+02   0.233D+00
  0.785D+00  0.154D+02  0.203D+01  0.341D+00  0.177D+02   0.243D+00
  0.780D+00  0.145D+02  0.191D+01  0.341D+00  0.167D+02   0.253D+00
  0.775D+00  0.137D+02  0.180D+01  0.341D+00  0.158D+02   0.264D+00
  0.770D+00  0.129D+02  0.170D+01  0.341D+00  0.150D+02   0.275D+00
  0.765D+00  0.122D+02  0.161D+01  0.341D+00  0.141D+02   0.286D+00
  0.760D+00  0.116D+02  0.153D+01  0.341D+00  0.135D+02   0.298D+00
  0.755D+00  0.112D+02  0.148D+01  0.341D+00  0.130D+02   0.311D+00
  0.750D+00  0.108D+02  0.143D+01  0.341D+00  0.126D+02   0.324D+00
  0.745D+00  0.105D+02  0.139D+01  0.341D+00  0.123D+02   0.339D+00
  0.740D+00  0.103D+02  0.136D+01  0.341D+00  0.120D+02   0.354D+00
  0.735D+00  0.101D+02  0.133D+01  0.341D+00  0.118D+02   0.371D+00
  0.730D+00  0.991D+01  0.131D+01  0.341D+00  0.116D+02   0.388D+00
  0.725D+00  0.975D+01  0.129D+01  0.341D+00  0.114D+02   0.406D+00
  0.720D+00  0.962D+01  0.127D+01  0.341D+00  0.112D+02   0.424D+00
  0.715D+00  0.950D+01  0.125D+01  0.341D+00  0.111D+02   0.444D+00
  0.710D+00  0.939D+01  0.124D+01  0.341D+00  0.110D+02   0.465D+00
  0.705D+00  0.929D+01  0.123D+01  0.341D+00  0.109D+02   0.487D+00
  0.700D+00  0.920D+01  0.122D+01  0.341D+00  0.108D+02   0.509D+00
  0.695D+00  0.912D+01  0.120D+01  0.341D+00  0.107D+02   0.533D+00
  0.690D+00  0.904D+01  0.119D+01  0.341D+00  0.106D+02   0.558D+00
  0.685D+00  0.897D+01  0.118D+01  0.341D+00  0.105D+02   0.584D+00
  0.680D+00  0.891D+01  0.118D+01  0.341D+00  0.104D+02   0.611D+00
  0.675D+00  0.884D+01  0.117D+01  0.341D+00  0.104D+02   0.639D+00
  0.670D+00  0.878D+01  0.116D+01  0.341D+00  0.103D+02   0.669D+00
  0.665D+00  0.873D+01  0.115D+01  0.341D+00  0.102D+02   0.700D+00
  0.660D+00  0.867D+01  0.115D+01  0.341D+00  0.102D+02   0.733D+00
  0.655D+00  0.862D+01  0.114D+01  0.341D+00  0.101D+02   0.767D+00
  0.650D+00  0.857D+01  0.113D+01  0.341D+00  0.100D+02   0.802D+00
  0.645D+00  0.852D+01  0.112D+01  0.341D+00  0.998D+01   0.839D+00
  0.640D+00  0.847D+01  0.112D+01  0.341D+00  0.993D+01   0.878D+00
  0.635D+00  0.842D+01  0.111D+01  0.341D+00  0.988D+01   0.919D+00
  0.630D+00  0.838D+01  0.111D+01  0.341D+00  0.982D+01   0.961D+00
  0.625D+00  0.833D+01  0.110D+01  0.341D+00  0.977D+01   0.101D+01
  0.620D+00  0.829D+01  0.109D+01  0.341D+00  0.972D+01   0.105D+01
  0.615D+00  0.824D+01  0.109D+01  0.341D+00  0.967D+01   0.110D+01
  0.610D+00  0.820D+01  0.108D+01  0.341D+00  0.962D+01   0.115D+01
  0.605D+00  0.815D+01  0.108D+01  0.341D+00  0.957D+01   0.120D+01
  0.600D+00  0.811D+01  0.107D+01  0.341D+00  0.952D+01   0.126D+01
  0.595D+00  0.807D+01  0.107D+01  0.341D+00  0.948D+01   0.132D+01
  0.590D+00  0.803D+01  0.106D+01  0.341D+00  0.943D+01   0.138D+01
  0.585D+00  0.798D+01  0.105D+01  0.341D+00  0.938D+01   0.144D+01
  0.580D+00  0.794D+01  0.105D+01  0.341D+00  0.933D+01   0.150D+01
  0.575D+00  0.790D+01  0.104D+01  0.341D+00  0.928D+01   0.157D+01
  0.570D+00  0.786D+01  0.104D+01  0.341D+00  0.923D+01   0.165D+01
  0.565D+00  0.781D+01  0.103D+01  0.341D+00  0.919D+01   0.172D+01
  0.560D+00  0.777D+01  0.103D+01  0.341D+00  0.914D+01   0.180D+01
  0.555D+00  0.773D+01  0.102D+01  0.341D+00  0.909D+01   0.188D+01
  0.550D+00  0.769D+01  0.101D+01  0.341D+00  0.904D+01   0.197D+01
  0.545D+00  0.764D+01  0.101D+01  0.341D+00  0.899D+01   0.205D+01
  0.540D+00  0.760D+01  0.100D+01  0.341D+00  0.894D+01   0.215D+01
  0.535D+00  0.756D+01  0.998D+00  0.341D+00  0.889D+01   0.224D+01
  0.530D+00  0.751D+01  0.992D+00  0.341D+00  0.885D+01   0.235D+01
  0.525D+00  0.747D+01  0.986D+00  0.341D+00  0.880D+01   0.245D+01
  0.520D+00  0.743D+01  0.980D+00  0.341D+00  0.875D+01   0.256D+01
  0.515D+00  0.738D+01  0.975D+00  0.341D+00  0.870D+01   0.268D+01
  0.510D+00  0.734D+01  0.969D+00  0.341D+00  0.865D+01   0.280D+01
  0.505D+00  0.729D+01  0.963D+00  0.341D+00  0.860D+01   0.293D+01
  0.500D+00  0.725D+01  0.957D+00  0.341D+00  0.855D+01   0.306D+01
  0.495D+00  0.720D+01  0.951D+00  0.341D+00  0.849D+01   0.319D+01
  0.490D+00  0.716D+01  0.945D+00  0.341D+00  0.844D+01   0.334D+01
  0.485D+00  0.711D+01  0.939D+00  0.341D+00  0.839D+01   0.349D+01
  0.480D+00  0.706D+01  0.933D+00  0.341D+00  0.834D+01   0.364D+01
  0.475D+00  0.702D+01  0.927D+00  0.341D+00  0.829D+01   0.381D+01
  0.470D+00  0.697D+01  0.921D+00  0.341D+00  0.823D+01   0.398D+01
  0.465D+00  0.692D+01  0.914D+00  0.341D+00  0.818D+01   0.415D+01
  0.460D+00  0.688D+01  0.908D+00  0.341D+00  0.813D+01   0.434D+01
  0.455D+00  0.683D+01  0.902D+00  0.341D+00  0.807D+01   0.453D+01
  0.450D+00  0.678D+01  0.895D+00  0.341D+00  0.802D+01   0.473D+01
  0.445D+00  0.673D+01  0.889D+00  0.341D+00  0.796D+01   0.494D+01
  0.440D+00  0.668D+01  0.883D+00  0.341D+00  0.791D+01   0.516D+01
  0.435D+00  0.663D+01  0.876D+00  0.341D+00  0.785D+01   0.539D+01
  0.430D+00  0.658D+01  0.869D+00  0.341D+00  0.779D+01   0.563D+01
  0.425D+00  0.653D+01  0.863D+00  0.341D+00  0.774D+01   0.588D+01
  0.420D+00  0.648D+01  0.856D+00  0.341D+00  0.768D+01   0.614D+01
  0.415D+00  0.643D+01  0.849D+00  0.341D+00  0.762D+01   0.641D+01
  0.410D+00  0.638D+01  0.843D+00  0.341D+00  0.756D+01   0.669D+01
  0.405D+00  0.633D+01  0.836D+00  0.341D+00  0.751D+01   0.699D+01
  0.400D+00  0.628D+01  0.829D+00  0.341D+00  0.745D+01   0.729D+01
  0.395D+00  0.622D+01  0.822D+00  0.341D+00  0.739D+01   0.761D+01
  0.390D+00  0.617D+01  0.815D+00  0.341D+00  0.733D+01   0.795D+01
  0.385D+00  0.612D+01  0.808D+00  0.341D+00  0.727D+01   0.829D+01
  0.380D+00  0.606D+01  0.801D+00  0.341D+00  0.720D+01   0.865D+01
  0.375D+00  0.601D+01  0.793D+00  0.341D+00  0.714D+01   0.903D+01
  0.370D+00  0.595D+01  0.786D+00  0.341D+00  0.708D+01   0.942D+01
  0.365D+00  0.590D+01  0.779D+00  0.341D+00  0.702D+01   0.983D+01
  0.360D+00  0.584D+01  0.771D+00  0.341D+00  0.696D+01   0.103D+02
  0.355D+00  0.579D+01  0.764D+00  0.341D+00  0.689D+01   0.107D+02
  0.350D+00  0.573D+01  0.757D+00  0.341D+00  0.683D+01   0.112D+02
  0.345D+00  0.567D+01  0.749D+00  0.341D+00  0.676D+01   0.116D+02
  0.340D+00  0.562D+01  0.741D+00  0.341D+00  0.670D+01   0.121D+02
  0.335D+00  0.556D+01  0.734D+00  0.341D+00  0.663D+01   0.126D+02
  0.330D+00  0.550D+01  0.726D+00  0.341D+00  0.657D+01   0.132D+02
  0.325D+00  0.544D+01  0.718D+00  0.341D+00  0.650D+01   0.137D+02
  0.320D+00  0.538D+01  0.711D+00  0.341D+00  0.643D+01   0.143D+02
  0.315D+00  0.532D+01  0.703D+00  0.341D+00  0.637D+01   0.149D+02
  0.310D+00  0.526D+01  0.695D+00  0.341D+00  0.630D+01   0.156D+02
  0.305D+00  0.520D+01  0.687D+00  0.341D+00  0.623D+01   0.162D+02
  0.300D+00  0.514D+01  0.679D+00  0.341D+00  0.616D+01   0.169D+02
  0.295D+00  0.508D+01  0.671D+00  0.341D+00  0.610D+01   0.176D+02
  0.290D+00  0.502D+01  0.663D+00  0.341D+00  0.603D+01   0.183D+02
  0.285D+00  0.496D+01  0.655D+00  0.341D+00  0.596D+01   0.191D+02
  0.280D+00  0.490D+01  0.647D+00  0.341D+00  0.589D+01   0.199D+02
  0.275D+00  0.484D+01  0.639D+00  0.341D+00  0.582D+01   0.207D+02
  0.270D+00  0.478D+01  0.631D+00  0.341D+00  0.575D+01   0.215D+02
  0.265D+00  0.472D+01  0.623D+00  0.341D+00  0.568D+01   0.224D+02
  0.260D+00  0.466D+01  0.615D+00  0.341D+00  0.562D+01   0.233D+02
  0.255D+00  0.460D+01  0.607D+00  0.341D+00  0.555D+01   0.243D+02
  0.250D+00  0.454D+01  0.599D+00  0.341D+00  0.548D+01   0.253D+02
  0.245D+00  0.448D+01  0.592D+00  0.341D+00  0.541D+01   0.263D+02
  0.240D+00  0.442D+01  0.584D+00  0.341D+00  0.535D+01   0.274D+02
  0.235D+00  0.436D+01  0.576D+00  0.341D+00  0.528D+01   0.285D+02
  0.230D+00  0.431D+01  0.569D+00  0.341D+00  0.522D+01   0.296D+02
  0.225D+00  0.425D+01  0.561D+00  0.341D+00  0.515D+01   0.308D+02
  0.220D+00  0.419D+01  0.554D+00  0.341D+00  0.509D+01   0.321D+02
  0.215D+00  0.414D+01  0.547D+00  0.341D+00  0.503D+01   0.334D+02
  0.210D+00  0.409D+01  0.540D+00  0.341D+00  0.497D+01   0.347D+02
  0.205D+00  0.404D+01  0.533D+00  0.341D+00  0.491D+01   0.361D+02
  0.200D+00  0.399D+01  0.526D+00  0.341D+00  0.485D+01   0.376D+02
  0.195D+00  0.394D+01  0.520D+00  0.341D+00  0.480D+01   0.391D+02
  0.190D+00  0.389D+01  0.514D+00  0.341D+00  0.475D+01   0.407D+02
  0.185D+00  0.385D+01  0.509D+00  0.341D+00  0.470D+01   0.424D+02
  0.180D+00  0.381D+01  0.503D+00  0.341D+00  0.466D+01   0.441D+02
  0.175D+00  0.378D+01  0.499D+00  0.341D+00  0.462D+01   0.459D+02
  0.170D+00  0.375D+01  0.495D+00  0.341D+00  0.458D+01   0.479D+02
  0.165D+00  0.372D+01  0.491D+00  0.341D+00  0.455D+01   0.499D+02
  0.160D+00  0.370D+01  0.488D+00  0.341D+00  0.453D+01   0.521D+02
  0.155D+00  0.368D+01  0.487D+00  0.341D+00  0.451D+01   0.543D+02
  0.150D+00  0.368D+01  0.486D+00  0.341D+00  0.451D+01   0.568D+02
  0.145D+00  0.368D+01  0.486D+00  0.341D+00  0.451D+01   0.594D+02
  0.140D+00  0.370D+01  0.488D+00  0.341D+00  0.453D+01   0.622D+02
  0.135D+00  0.373D+01  0.492D+00  0.341D+00  0.456D+01   0.652D+02
  0.130D+00  0.378D+01  0.499D+00  0.341D+00  0.462D+01   0.685D+02
  0.125D+00  0.386D+01  0.509D+00  0.341D+00  0.471D+01   0.721D+02
  0.120D+00  0.397D+01  0.524D+00  0.341D+00  0.484D+01   0.762D+02
  0.115D+00  0.414D+01  0.546D+00  0.341D+00  0.502D+01   0.808D+02
  0.110D+00  0.438D+01  0.578D+00  0.341D+00  0.530D+01   0.862D+02
  0.105D+00  0.463D+01  0.611D+00  0.341D+00  0.558D+01   0.920D+02
  0.100D+00  0.473D+01  0.625D+00  0.341D+00  0.570D+01   0.977D+02
  0.950D-01  0.465D+01  0.614D+00  0.341D+00  0.560D+01   0.103D+03
  0.938D-01  0.451D+01  0.596D+00  0.341D+00  0.545D+01   0.105D+03
  0.912D-01  0.438D+01  0.578D+00  0.341D+00  0.530D+01   0.108D+03
  0.887D-01  0.424D+01  0.561D+00  0.341D+00  0.515D+01   0.110D+03
  0.862D-01  0.412D+01  0.543D+00  0.341D+00  0.500D+01   0.113D+03
  0.838D-01  0.399D+01  0.527D+00  0.341D+00  0.486D+01   0.115D+03
  0.813D-01  0.386D+01  0.510D+00  0.341D+00  0.471D+01   0.118D+03
  0.788D-01  0.374D+01  0.494D+00  0.341D+00  0.457D+01   0.121D+03
  0.762D-01  0.362D+01  0.477D+00  0.341D+00  0.443D+01   0.124D+03
  0.737D-01  0.349D+01  0.461D+00  0.341D+00  0.430D+01   0.127D+03
  0.712D-01  0.337D+01  0.446D+00  0.341D+00  0.416D+01   0.130D+03
  0.688D-01  0.326D+01  0.430D+00  0.341D+00  0.403D+01   0.134D+03
  0.663D-01  0.314D+01  0.414D+00  0.341D+00  0.389D+01   0.137D+03
  0.638D-01  0.302D+01  0.399D+00  0.341D+00  0.376D+01   0.141D+03
  0.612D-01  0.290D+01  0.383D+00  0.341D+00  0.363D+01   0.145D+03
  0.587D-01  0.279D+01  0.368D+00  0.341D+00  0.349D+01   0.149D+03
  0.563D-01  0.267D+01  0.352D+00  0.341D+00  0.336D+01   0.154D+03
  0.537D-01  0.255D+01  0.337D+00  0.341D+00  0.323D+01   0.159D+03
  0.512D-01  0.243D+01  0.321D+00  0.341D+00  0.310D+01   0.165D+03
  0.488D-01  0.232D+01  0.306D+00  0.341D+00  0.296D+01   0.171D+03
  0.462D-01  0.220D+01  0.290D+00  0.341D+00  0.283D+01   0.177D+03
  0.437D-01  0.208D+01  0.274D+00  0.341D+00  0.269D+01   0.184D+03
  0.413D-01  0.195D+01  0.258D+00  0.341D+00  0.255D+01   0.192D+03
  0.387D-01  0.183D+01  0.242D+00  0.341D+00  0.241D+01   0.201D+03
  0.362D-01  0.171D+01  0.225D+00  0.341D+00  0.227D+01   0.212D+03
  0.338D-01  0.158D+01  0.209D+00  0.341D+00  0.213D+01   0.223D+03
  0.312D-01  0.145D+01  0.191D+00  0.341D+00  0.198D+01   0.237D+03
  0.288D-01  0.132D+01  0.174D+00  0.341D+00  0.183D+01   0.253D+03
  0.262D-01  0.119D+01  0.156D+00  0.341D+00  0.168D+01   0.272D+03
  0.238D-01  0.105D+01  0.139D+00  0.341D+00  0.153D+01   0.295D+03
  0.213D-01  0.911D+00  0.120D+00  0.341D+00  0.137D+01   0.324D+03
  0.187D-01  0.772D+00  0.102D+00  0.341D+00  0.122D+01   0.360D+03
  0.163D-01  0.633D+00  0.836D-01  0.341D+00  0.106D+01   0.408D+03
  0.138D-01  0.495D+00  0.653D-01  0.341D+00  0.901D+00   0.474D+03
  0.112D-01  0.361D+00  0.476D-01  0.341D+00  0.749D+00   0.570D+03
  0.875D-02  0.235D+00  0.311D-01  0.341D+00  0.607D+00   0.717D+03
  0.625D-02  0.126D+00  0.166D-01  0.341D+00  0.484D+00   0.971D+03
  0.375D-02  0.441D-01  0.582D-02  0.341D+00  0.391D+00   0.148D+04
  0.125D-02  0.410D-02  0.542D-03  0.341D+00  0.346D+00   0.283D+04
